{
  "epochs": 30,
  "learning_rate": 2e-05,
  "model": "deepset/gbert-large"
}{
  "eval_loss": 0.9986649483442307,
  "eval_precision": 0.3291930842337924,
  "eval_recall": 0.5021523217134293,
  "eval_f1": 0.3955261499162012,
  "eval_accuracy": 0.8533362124035179,
  "eval_runtime": 1.2586249999999999,
  "eval_samples_per_second": 12.5865,
  "eval_steps_per_second": 3.1883500000000002,
  "epoch": 30.0,
  "eval_loss_stdev": 0.21891592521102868,
  "eval_precision_stdev": 0.11789146786116383,
  "eval_recall_stdev": 0.14796586007073562,
  "eval_f1_stdev": 0.12891617534191735,
  "eval_accuracy_stdev": 0.08746385109064553,
  "eval_runtime_stdev": 0.07785764928786114,
  "eval_samples_per_second_stdev": 0.6351089836025243,
  "eval_steps_per_second_stdev": 0.1746347391135657,
  "epoch_stdev": 0.0
}