{
  "epochs": 8,
  "learning_rate": 1e-05,
  "model": "deepset/gbert-large"
}{
  "eval_loss": 0.6373840808868408,
  "eval_precision": 0.26276743348501574,
  "eval_recall": 0.47682428582486375,
  "eval_f1": 0.3380791981033519,
  "eval_accuracy": 0.8769876970087971,
  "eval_runtime": 1.25396,
  "eval_samples_per_second": 12.6134,
  "eval_steps_per_second": 3.1948,
  "epoch": 8.0,
  "eval_loss_stdev": 0.08052173673989181,
  "eval_precision_stdev": 0.04043996663573702,
  "eval_recall_stdev": 0.045665438906599395,
  "eval_f1_stdev": 0.043631537175026935,
  "eval_accuracy_stdev": 0.018000866663673544,
  "eval_runtime_stdev": 0.05467241534814431,
  "eval_samples_per_second_stdev": 0.49600483868607587,
  "eval_steps_per_second_stdev": 0.14144150734490918,
  "epoch_stdev": 0.0
}