{
  "accuracy": 0.7903100775193799,
  "f1": 0.7384228858011136,
  "accuracy_stdev": 0.06843050090979187,
  "f1_stdev": 0.1028095791079977
}