{
  "epochs": 30,
  "learning_rate": 2e-05,
  "model": "deepset/gbert-base"
}{
  "eval_loss": 1.100532016158104,
  "eval_precision": 0.3306124091145676,
  "eval_recall": 0.5206408608795928,
  "eval_f1": 0.4039201238347804,
  "eval_accuracy": 0.8531081947183455,
  "eval_runtime": 0.8579549999999999,
  "eval_samples_per_second": 18.452499999999997,
  "eval_steps_per_second": 4.671950000000001,
  "epoch": 30.0,
  "eval_loss_stdev": 0.17721458702674817,
  "eval_precision_stdev": 0.04443540978517737,
  "eval_recall_stdev": 0.06432580487607949,
  "eval_f1_stdev": 0.05084156956725468,
  "eval_accuracy_stdev": 0.021420172637552772,
  "eval_runtime_stdev": 0.04149231349234903,
  "eval_samples_per_second_stdev": 0.9398591999812917,
  "eval_steps_per_second_stdev": 0.21254633550556015,
  "epoch_stdev": 0.0
}