{
  "epochs": 12,
  "learning_rate": 5e-05,
  "model": "/data/experiments/dehio/germeval2021/experiments/models/ed069f932e81fc72de46da7bc1dfaf8facf4b859f6accff29c694c61cbd3faaa_gbert-large_fact"
}{
  "eval_loss": 0.8813727378845215,
  "eval_precision": 0.27271505392024004,
  "eval_recall": 0.4700125685934117,
  "eval_f1": 0.34383821767774886,
  "eval_accuracy": 0.8703568134634534,
  "eval_runtime": 1.2822400000000003,
  "eval_samples_per_second": 12.322999999999999,
  "eval_steps_per_second": 3.1214,
  "epoch": 12.0,
  "eval_loss_stdev": 0.1816777446346139,
  "eval_precision_stdev": 0.08558601746604483,
  "eval_recall_stdev": 0.08763160100016923,
  "eval_f1_stdev": 0.09218245008313836,
  "eval_accuracy_stdev": 0.011073780781790506,
  "eval_runtime_stdev": 0.035897116875871805,
  "eval_samples_per_second_stdev": 0.19093978108293697,
  "eval_steps_per_second_stdev": 0.08833062888941763,
  "epoch_stdev": 0.0
}