{
  "epochs": 3,
  "learning_rate": 2.5e-05,
  "model": "/data/experiments/dehio/germeval2021/experiments/models/ed069f932e81fc72de46da7bc1dfaf8facf4b859f6accff29c694c61cbd3faaa_gbert-large_fact"
}{
  "eval_loss": 0.4539855569601059,
  "eval_precision": 0.21495623822610002,
  "eval_recall": 0.44258510811538543,
  "eval_f1": 0.28870279239159957,
  "eval_accuracy": 0.872488034034119,
  "eval_runtime": 1.3033000000000001,
  "eval_samples_per_second": 12.1286,
  "eval_steps_per_second": 3.0724,
  "epoch": 3.0,
  "eval_loss_stdev": 0.19470189249305833,
  "eval_precision_stdev": 0.05802010417217958,
  "eval_recall_stdev": 0.0805122121256969,
  "eval_f1_stdev": 0.06961948764246705,
  "eval_accuracy_stdev": 0.043386133678838666,
  "eval_runtime_stdev": 0.04763916456026492,
  "eval_samples_per_second_stdev": 0.30087921164480635,
  "eval_steps_per_second_stdev": 0.11218868035590755,
  "epoch_stdev": 0.0
}