{
  "epochs": 30,
  "learning_rate": 2e-05,
  "model": "deepset/gbert-large"
}{
  "eval_loss": 0.9845958614349365,
  "eval_precision": 0.33934954963548686,
  "eval_recall": 0.5185584218902348,
  "eval_f1": 0.4084422963279418,
  "eval_accuracy": 0.8601573651841967,
  "eval_runtime": 1.2511039999999998,
  "eval_samples_per_second": 12.657440000000001,
  "eval_steps_per_second": 3.2062399999999998,
  "epoch": 30.0,
  "eval_loss_stdev": 0.21826056955174913,
  "eval_precision_stdev": 0.1100094497075184,
  "eval_recall_stdev": 0.13908785254288783,
  "eval_f1_stdev": 0.12100008431329685,
  "eval_accuracy_stdev": 0.07978219744712596,
  "eval_runtime_stdev": 0.0722408672428564,
  "eval_samples_per_second_stdev": 0.5902664003086515,
  "eval_steps_per_second_stdev": 0.16382238349301761,
  "epoch_stdev": 0.0
}