{
  "epochs": 3,
  "learning_rate": 1e-05,
  "model": "deepset/gbert-base"
}
Run0{
  "eval_loss": 0.6803868114948273,
  "eval_accuracy": 0.8927920576635386,
  "eval_f1": 0.891338014837638,
  "eval_runtime": 1.7326000000000001,
  "eval_samples_per_second": 99.47380000000001,
  "eval_steps_per_second": 24.929,
  "epoch": 3.0,
  "eval_loss_stdev": 0.2742224602552004,
  "eval_accuracy_stdev": 0.04900274654281755,
  "eval_f1_stdev": 0.05107183193539204,
  "eval_runtime_stdev": 0.12547659144238812,
  "eval_samples_per_second_stdev": 7.456918177102391,
  "eval_steps_per_second_stdev": 1.9141413218464312,
  "epoch_stdev": 0.0
}
Run1{
  "eval_loss": 0.6900151193141937,
  "eval_accuracy": 0.8940024479804162,
  "eval_f1": 0.8928389411511601,
  "eval_runtime": 1.72718,
  "eval_samples_per_second": 99.73159999999999,
  "eval_steps_per_second": 24.993000000000002,
  "epoch": 3.0,
  "eval_loss_stdev": 0.4072375098502205,
  "eval_accuracy_stdev": 0.05943562168501238,
  "eval_f1_stdev": 0.06405248437017344,
  "eval_runtime_stdev": 0.11836058043115531,
  "eval_samples_per_second_stdev": 6.9341920077251995,
  "eval_steps_per_second_stdev": 1.774155432875035,
  "epoch_stdev": 0.0
}
Run2{
  "eval_loss": 0.7847010850906372,
  "eval_accuracy": 0.878845369237046,
  "eval_f1": 0.8763781752677705,
  "eval_runtime": 1.73538,
  "eval_samples_per_second": 99.2406,
  "eval_steps_per_second": 24.870600000000003,
  "epoch": 3.0,
  "eval_loss_stdev": 0.3228103429236792,
  "eval_accuracy_stdev": 0.048057359316712775,
  "eval_f1_stdev": 0.052903557869753606,
  "eval_runtime_stdev": 0.1156215248126403,
  "eval_samples_per_second_stdev": 6.73027486808674,
  "eval_steps_per_second_stdev": 1.7357536691593087,
  "epoch_stdev": 0.0
}
Run3{
  "eval_loss": 0.8516228258609772,
  "eval_accuracy": 0.8695226438188495,
  "eval_f1": 0.8622489700950726,
  "eval_runtime": 1.72866,
  "eval_samples_per_second": 99.64959999999999,
  "eval_steps_per_second": 24.9726,
  "epoch": 3.0,
  "eval_loss_stdev": 0.4452151567669397,
  "eval_accuracy_stdev": 0.05820215510382295,
  "eval_f1_stdev": 0.07235039895666652,
  "eval_runtime_stdev": 0.1181141947439003,
  "eval_samples_per_second_stdev": 6.974278192042529,
  "eval_steps_per_second_stdev": 1.7844738160029139,
  "epoch_stdev": 0.0
}
Run4{
  "eval_loss": 0.7038574516773224,
  "eval_accuracy": 0.8986944104447165,
  "eval_f1": 0.8965684112539523,
  "eval_runtime": 1.7126199999999998,
  "eval_samples_per_second": 100.51339999999999,
  "eval_steps_per_second": 25.1888,
  "epoch": 3.0,
  "eval_loss_stdev": 0.3989287976690489,
  "eval_accuracy_stdev": 0.05450218225726338,
  "eval_f1_stdev": 0.0601365579420272,
  "eval_runtime_stdev": 0.10780404445103157,
  "eval_samples_per_second_stdev": 6.289437280075223,
  "eval_steps_per_second_stdev": 1.6133115632139996,
  "epoch_stdev": 0.0
}