{
  "epochs": 30,
  "learning_rate": 2e-05,
  "model": "deepset/gbert-large"
}{
  "eval_loss": 1.0429715037345886,
  "eval_precision": 0.3355060939611534,
  "eval_recall": 0.5119515542318532,
  "eval_f1": 0.4040365564265363,
  "eval_accuracy": 0.8638155097422023,
  "eval_runtime": 1.26634,
  "eval_samples_per_second": 12.4804,
  "eval_steps_per_second": 3.161,
  "epoch": 30.0,
  "eval_loss_stdev": 0.24736560479633382,
  "eval_precision_stdev": 0.12124377806522973,
  "eval_recall_stdev": 0.1473620103562636,
  "eval_f1_stdev": 0.13343122378219702,
  "eval_accuracy_stdev": 0.016871483641690672,
  "eval_runtime_stdev": 0.03829351119967979,
  "eval_samples_per_second_stdev": 0.30618507475055007,
  "eval_steps_per_second_stdev": 0.09529952780575573,
  "epoch_stdev": 0.0
}