{
  "epochs": 30,
  "learning_rate": 2e-05,
  "model": "deepset/gbert-base"
}{
  "eval_loss": 1.101524121761322,
  "eval_precision": 0.33333276642061277,
  "eval_recall": 0.5177312149222004,
  "eval_f1": 0.4049851727784879,
  "eval_accuracy": 0.8536616410293009,
  "eval_runtime": 0.8604159999999998,
  "eval_samples_per_second": 18.409679999999998,
  "eval_steps_per_second": 4.659840000000001,
  "epoch": 30.0,
  "eval_loss_stdev": 0.18129727485946381,
  "eval_precision_stdev": 0.04364233213954929,
  "eval_recall_stdev": 0.05866688032505367,
  "eval_f1_stdev": 0.048062700437737846,
  "eval_accuracy_stdev": 0.021989123317470757,
  "eval_runtime_stdev": 0.04402058874360195,
  "eval_samples_per_second_stdev": 1.0605567217268483,
  "eval_steps_per_second_stdev": 0.224632789236122,
  "epoch_stdev": 0.0
}