{
  "epochs": 30,
  "learning_rate": 2e-05,
  "model": "deepset/gbert-large"
}{
  "eval_loss": 1.0213753263155618,
  "eval_precision": 0.31891162651856486,
  "eval_recall": 0.48209394224404656,
  "eval_f1": 0.3815783452756293,
  "eval_accuracy": 0.8451879709374528,
  "eval_runtime": 1.2489199999999996,
  "eval_samples_per_second": 12.660533333333332,
  "eval_steps_per_second": 3.2068000000000003,
  "epoch": 30.0,
  "eval_loss_stdev": 0.2127605236562715,
  "eval_precision_stdev": 0.1261284119376697,
  "eval_recall_stdev": 0.1591164072746216,
  "eval_f1_stdev": 0.13796851435883004,
  "eval_accuracy_stdev": 0.09950437844269976,
  "eval_runtime_stdev": 0.04534715615591098,
  "eval_samples_per_second_stdev": 0.40671749877467017,
  "eval_steps_per_second_stdev": 0.1156850403960191,
  "epoch_stdev": 0.0
}