{
  "epochs": 30,
  "learning_rate": 2e-05,
  "model": "deepset/gelectra-large"
}{
  "eval_loss": 1.0055019497871398,
  "eval_precision": 0.43643378877789535,
  "eval_recall": 0.5489480016831757,
  "eval_f1": 0.4855628003184939,
  "eval_accuracy": 0.8739812228033733,
  "eval_runtime": 1.2437533333333335,
  "eval_samples_per_second": 12.708200000000001,
  "eval_steps_per_second": 3.2185333333333337,
  "epoch": 30.0,
  "eval_loss_stdev": 0.1878744502808974,
  "eval_precision_stdev": 0.06424877123482568,
  "eval_recall_stdev": 0.06810196086581365,
  "eval_f1_stdev": 0.06460869771766631,
  "eval_accuracy_stdev": 0.020593701166874125,
  "eval_runtime_stdev": 0.035296941726417265,
  "eval_samples_per_second_stdev": 0.33175511622710063,
  "eval_steps_per_second_stdev": 0.09206974581934123,
  "epoch_stdev": 0.0
}