{
  "epochs": 30,
  "learning_rate": 2e-05,
  "model": "deepset/gbert-base"
}{
  "eval_loss": 1.1439279794692994,
  "eval_precision": 0.31423573173639885,
  "eval_recall": 0.5031274448443124,
  "eval_f1": 0.38582979345348634,
  "eval_accuracy": 0.8444033949746993,
  "eval_runtime": 0.88458,
  "eval_samples_per_second": 17.921,
  "eval_steps_per_second": 4.5398,
  "epoch": 30.0,
  "eval_loss_stdev": 0.10411958129025876,
  "eval_precision_stdev": 0.01940715278707786,
  "eval_recall_stdev": 0.045023071710521216,
  "eval_f1_stdev": 0.017288447788712427,
  "eval_accuracy_stdev": 0.014056710404275996,
  "eval_runtime_stdev": 0.0648252034319986,
  "eval_samples_per_second_stdev": 1.1095778476519802,
  "eval_steps_per_second_stdev": 0.30690503417181036,
  "epoch_stdev": 0.0
}