{
  "epochs": 3,
  "learning_rate": 1e-05,
  "model": "deepset/gbert-large"
}
Result over all folds{
  "eval_loss": 0.6761012226343155,
  "eval_accuracy": 0.8412076703386372,
  "eval_f1": 0.7365141712052063,
  "eval_runtime": 3.9229600000000007,
  "eval_samples_per_second": 44.098400000000005,
  "eval_steps_per_second": 11.0518,
  "epoch": 3.0,
  "eval_loss_stdev": 0.528848746728901,
  "eval_accuracy_stdev": 0.19751117501973198,
  "eval_f1_stdev": 0.4171259321639609,
  "eval_runtime_stdev": 0.39096592306747147,
  "eval_samples_per_second_stdev": 4.48060016069276,
  "eval_steps_per_second_stdev": 1.141904418066591,
  "epoch_stdev": 0.0
}{
  "epochs": 3,
  "learning_rate": 1e-05,
  "model": "deepset/gbert-base"
}
Result over all folds{
  "eval_loss": 0.759569501876831,
  "eval_accuracy": 0.8835441316469469,
  "eval_f1": 0.8806267412264462,
  "eval_runtime": 1.66188,
  "eval_samples_per_second": 103.8474,
  "eval_steps_per_second": 26.0252,
  "epoch": 3.0,
  "eval_loss_stdev": 0.40507083508332026,
  "eval_accuracy_stdev": 0.0537572332581673,
  "eval_f1_stdev": 0.06073303149443356,
  "eval_runtime_stdev": 0.13684585123415327,
  "eval_samples_per_second_stdev": 8.984791472260222,
  "eval_steps_per_second_stdev": 2.2952000348553505,
  "epoch_stdev": 0.0
}{
  "epochs": 3,
  "learning_rate": 1e-05,
  "model": "deepset/gelectra-large"
}
Result over all folds{
  "eval_loss": 0.5548165947198868,
  "eval_accuracy": 0.9196586427308582,
  "eval_f1": 0.9141147249557114,
  "eval_runtime": 3.9222,
  "eval_samples_per_second": 44.030199999999994,
  "eval_steps_per_second": 11.0344,
  "epoch": 3.0,
  "eval_loss_stdev": 0.42341195357157557,
  "eval_accuracy_stdev": 0.05841584683288454,
  "eval_f1_stdev": 0.07044840672915662,
  "eval_runtime_stdev": 0.3472937589419078,
  "eval_samples_per_second_stdev": 3.958411449053775,
  "eval_steps_per_second_stdev": 1.0097040655558438,
  "epoch_stdev": 0.0
}{
  "epochs": 3,
  "learning_rate": 1e-05,
  "model": "deepset/gelectra-base"
}
Result over all folds{
  "eval_loss": 0.7068536698818206,
  "eval_accuracy": 0.8543927648578811,
  "eval_f1": 0.857100529100529,
  "eval_runtime": 1.67632,
  "eval_samples_per_second": 102.66159999999999,
  "eval_steps_per_second": 25.727799999999995,
  "epoch": 3.0,
  "eval_loss_stdev": 0.21175167122683297,
  "eval_accuracy_stdev": 0.04105346853185098,
  "eval_f1_stdev": 0.047494817375758176,
  "eval_runtime_stdev": 0.09897912406159189,
  "eval_samples_per_second_stdev": 6.203014049637481,
  "eval_steps_per_second_stdev": 1.6069974175461517,
  "epoch_stdev": 0.0
}