{
  "epochs": 30,
  "learning_rate": 2e-05,
  "model": "deepset/gelectra-large"
}{
  "eval_loss": 1.019131212234497,
  "eval_precision": 0.4282208535152035,
  "eval_recall": 0.5448103773847672,
  "eval_f1": 0.4787674149011567,
  "eval_accuracy": 0.8711290736556421,
  "eval_runtime": 1.244288,
  "eval_samples_per_second": 12.704160000000002,
  "eval_steps_per_second": 3.2171200000000004,
  "epoch": 30.0,
  "eval_loss_stdev": 0.18947224226886494,
  "eval_precision_stdev": 0.05907714870278756,
  "eval_recall_stdev": 0.06232498916581243,
  "eval_f1_stdev": 0.05853169278759745,
  "eval_accuracy_stdev": 0.02105330946499707,
  "eval_runtime_stdev": 0.034714049989401516,
  "eval_samples_per_second_stdev": 0.3803140894927068,
  "eval_steps_per_second_stdev": 0.09054341500076085,
  "epoch_stdev": 0.0
}