{
  "epochs": 12,
  "learning_rate": 5e-05,
  "model": "/data/experiments/dehio/germeval2021/experiments/models/ed069f932e81fc72de46da7bc1dfaf8facf4b859f6accff29c694c61cbd3faaa_gbert-large_fact"
}{
  "eval_loss": 0.8487980723381042,
  "eval_precision": 0.21992305483913815,
  "eval_recall": 0.37977812668506356,
  "eval_f1": 0.2783944890689022,
  "eval_accuracy": 0.7723303591219163,
  "eval_runtime": 1.27844,
  "eval_samples_per_second": 12.360399999999998,
  "eval_steps_per_second": 3.13,
  "epoch": 12.0,
  "eval_loss_stdev": 0.1445752964498983,
  "eval_precision_stdev": 0.12311231652592602,
  "eval_recall_stdev": 0.21314587140324193,
  "eval_f1_stdev": 0.15579114980624478,
  "eval_accuracy_stdev": 0.1971879062144174,
  "eval_runtime_stdev": 0.027184057828072684,
  "eval_samples_per_second_stdev": 0.32329444783355005,
  "eval_steps_per_second_stdev": 0.06616267830129022,
  "epoch_stdev": 0.0
}