{
  "epochs": 30,
  "learning_rate": 2e-05,
  "model": "deepset/gelectra-large"
}{
  "eval_loss": 0.9852752804756164,
  "eval_precision": 0.45320318377771673,
  "eval_recall": 0.564637598011092,
  "eval_f1": 0.5018426252770292,
  "eval_accuracy": 0.8768088029600729,
  "eval_runtime": 1.24188,
  "eval_samples_per_second": 12.7238,
  "eval_steps_per_second": 3.2232,
  "epoch": 30.0,
  "eval_loss_stdev": 0.13175041968715004,
  "eval_precision_stdev": 0.03160532126284596,
  "eval_recall_stdev": 0.07045007630596437,
  "eval_f1_stdev": 0.0430220673371742,
  "eval_accuracy_stdev": 0.012045417659955314,
  "eval_runtime_stdev": 0.03568202628775444,
  "eval_samples_per_second_stdev": 0.18914861881599881,
  "eval_steps_per_second_stdev": 0.09403563154464381,
  "epoch_stdev": 0.0
}