{
  "epochs": 30,
  "learning_rate": 2e-05,
  "model": "deepset/gbert-base"
}{
  "eval_loss": 1.1188208639621735,
  "eval_precision": 0.3213748524069847,
  "eval_recall": 0.5080489050746486,
  "eval_f1": 0.3930698193254494,
  "eval_accuracy": 0.8486640386606623,
  "eval_runtime": 0.8696800000000001,
  "eval_samples_per_second": 18.2093,
  "eval_steps_per_second": 4.611400000000001,
  "epoch": 30.0,
  "eval_loss_stdev": 0.14425285086205708,
  "eval_precision_stdev": 0.031346893109020064,
  "eval_recall_stdev": 0.05058746635554077,
  "eval_f1_stdev": 0.03481480338499268,
  "eval_accuracy_stdev": 0.016480525267978188,
  "eval_runtime_stdev": 0.04922013589759561,
  "eval_samples_per_second_stdev": 0.94732688831962,
  "eval_steps_per_second_stdev": 0.23824040146223924,
  "epoch_stdev": 0.0
}