{
  "epochs": 30,
  "learning_rate": 2e-05,
  "model": "/data/experiments/dehio/germeval2021/experiments/models/4f975e12f0255e5e185c4f41334c5284e64bea06d7da465bba3c8250da9f4c54_gelectra-large_fact"
}{
  "eval_loss": 1.039965146780014,
  "eval_precision": 0.418035606417834,
  "eval_recall": 0.5376610107323068,
  "eval_f1": 0.46945725110522735,
  "eval_accuracy": 0.8712981603088986,
  "eval_runtime": 1.2665000000000002,
  "eval_samples_per_second": 12.4821,
  "eval_steps_per_second": 3.1602,
  "epoch": 30.0,
  "eval_loss_stdev": 0.20010090424933638,
  "eval_precision_stdev": 0.04256538339703295,
  "eval_recall_stdev": 0.03938346710886106,
  "eval_f1_stdev": 0.03628875875145557,
  "eval_accuracy_stdev": 0.020665041648379026,
  "eval_runtime_stdev": 0.033149593595631834,
  "eval_samples_per_second_stdev": 0.4420297752665786,
  "eval_steps_per_second_stdev": 0.08364315738766546,
  "epoch_stdev": 0.0
}