{
  "epochs": 12,
  "learning_rate": 5e-05,
  "model": "/data/experiments/dehio/germeval2021/experiments/models/959f8c099022b0d643d3a86e6b36c8a6c9811c28c4f48476136d749379bf81af_gbert-large_fact"
}{
  "eval_loss": 0.8780336976051331,
  "eval_precision": 0.26038594176305246,
  "eval_recall": 0.46748825963639745,
  "eval_f1": 0.33354935204583736,
  "eval_accuracy": 0.8601716494731637,
  "eval_runtime": 1.2901200000000002,
  "eval_samples_per_second": 12.2492,
  "eval_steps_per_second": 3.1024,
  "epoch": 12.0,
  "eval_loss_stdev": 0.19845585376050448,
  "eval_precision_stdev": 0.04897092259510768,
  "eval_recall_stdev": 0.06420589594089116,
  "eval_f1_stdev": 0.053271568845042666,
  "eval_accuracy_stdev": 0.025617487779726767,
  "eval_runtime_stdev": 0.03428931320397065,
  "eval_samples_per_second_stdev": 0.29922182407037123,
  "eval_steps_per_second_stdev": 0.08100802429389338,
  "epoch_stdev": 0.0
}